100

-8.903018e-03
1.437852e-02
1.159266e-01
-1.157094e-01
9.870841e-02
-5.503307e-02
-2.046697e-01
6.509963e-02
-1.473301e-02
-1.705499e-01
-1.144514e-02
4.238599e-02
-1.427062e-01
-9.204420e-02
-2.020257e-02
1.601901e-01
-1.456037e-01
-1.513358e-01
9.901451e-02
-1.068842e-01
6.338960e-02
7.913377e-02
1.319807e-01
1.207536e-01
7.892003e-02
2.842374e-02
-1.558817e-01
-8.231401e-02
-1.567830e-01
-1.713366e-01
-5.677015e-02
1.338790e-01
1.668435e-02
-2.425501e-01
-1.855209e-01
8.284394e-02
1.344545e-01
-2.700560e-02
-5.275156e-02
-1.324169e-01
-1.577648e-02
1.260742e-02
1.714319e-01
-4.876496e-02
-8.967892e-02
-1.001274e-01
-1.464847e-02
-8.238439e-02
1.184118e-02
-1.364953e-02
1.333542e-01
1.023118e-01
7.440117e-02
-7.601640e-02
-1.461121e-01
5.638715e-03
9.767994e-02
6.858669e-02
-1.434914e-01
-5.401930e-02
1.346517e-01
7.049944e-02
6.421350e-02
1.293650e-01
1.102404e-01
-1.001514e-01
1.251027e-01
-8.042789e-02
-1.488094e-01
1.664268e-01
1.679190e-01
8.383599e-02
9.784719e-02
3.763341e-02
-1.571415e-01
1.025876e-01
1.871046e-01
8.208995e-02
2.952287e-02
-1.620145e-01
-4.616902e-02
6.526523e-02
1.663091e-01
-6.173782e-02
-1.380246e-01
-1.256292e-01
4.944870e-02
-1.094209e-01
1.373032e-01
7.967577e-02
1.137426e-01
2.190399e-02
-7.310777e-02
-1.743243e-01
9.658214e-02
-1.194828e-01
1.204025e-01
-1.917351e-01
-7.765040e-02
-7.865444e-02

0.001054